0 0.591863 0.441022 0.006807 0.004539
0 0.549146 0.450279 0.007561 0.004191
0 0.527973 0.441022 0.009073 0.004539
0 0.635719 0.460757 0.011344 0.004191
0 0.565400 0.429322 0.011344 0.004890
0 0.621353 0.438403 0.009831 0.003493
1 0.564375 0.491383 0.084668 0.041282
0 0.524569 0.486253 0.008315 0.003493
0 0.537722 0.414973 0.015679 0.007243
0 0.484497 0.504067 0.008319 0.003493
0 0.504911 0.517514 0.006807 0.004539
0 0.593755 0.516640 0.009073 0.004890
0 0.559352 0.523801 0.008319 0.003843
0 0.602451 0.482762 0.008319 0.004191
0 0.578254 0.503892 0.006807 0.003843
0 0.647060 0.498303 0.011339 0.003843
0 0.534778 0.501796 0.007561 0.003843
0 0.548010 0.503193 0.006807 0.003843
0 0.560864 0.491318 0.008319 0.005240
0 0.574850 0.481714 0.009073 0.003493
0 0.599047 0.468440 0.007561 0.003493
0 0.567669 0.464424 0.008315 0.004539
0 0.529862 0.464773 0.009827 0.003841
0 0.510960 0.461280 0.008315 0.003841
0 0.504532 0.490096 0.009073 0.003493
