0 0.397647 0.409136 0.026344 0.007822
0 0.554120 0.468071 0.019691 0.009096
0 0.383167 0.583426 0.021484 0.008270
1 0.493382 0.588851 0.233001 0.091360
0 0.389434 0.562753 0.019691 0.009922
0 0.523689 0.565647 0.019691 0.010748
0 0.486098 0.590454 0.023272 0.009096
0 0.442240 0.493706 0.028638 0.010750
0 0.451191 0.571848 0.017898 0.009924
0 0.337519 0.522647 0.019691 0.009096
0 0.495943 0.525956 0.025061 0.009096
0 0.393013 0.530503 0.030435 0.011577
0 0.539799 0.618982 0.019691 0.009924
0 0.597978 0.566473 0.017903 0.009096
0 0.584553 0.532157 0.023272 0.011577
0 0.583656 0.646684 0.021479 0.010750
0 0.720316 0.597734 0.020698 0.011298
0 0.681746 0.512126 0.022575 0.010428
0 0.451266 0.620764 0.016934 0.008692
0 0.415522 0.618157 0.016934 0.010428
0 0.328034 0.593388 0.018811 0.009561
0 0.337439 0.660309 0.026339 0.011298
0 0.274412 0.630325 0.020698 0.008692
0 0.493600 0.667697 0.026339 0.010428
0 0.378832 0.471712 0.022580 0.007822
0 0.485136 0.440425 0.024457 0.007822
0 0.633769 0.459110 0.028221 0.012169
