0 0.480819 0.545262 0.011395 0.006700
1 0.464462 0.559582 0.126301 0.050296
0 0.382921 0.601012 0.010356 0.005264
0 0.466833 0.602686 0.012430 0.006700
0 0.515520 0.589526 0.016573 0.006220
0 0.403123 0.460801 0.011395 0.006222
0 0.534686 0.484966 0.013464 0.005742
0 0.396905 0.494776 0.011395 0.007178
0 0.451294 0.476353 0.012430 0.005742
0 0.489103 0.502434 0.013469 0.006222
0 0.492214 0.490230 0.011395 0.005742
0 0.432128 0.506023 0.013469 0.003828
0 0.377224 0.523010 0.009326 0.005264
0 0.406231 0.526839 0.013464 0.006222
0 0.474082 0.515593 0.014504 0.006700
0 0.510861 0.525642 0.011395 0.005744
0 0.565246 0.513201 0.014499 0.005744
0 0.590110 0.560814 0.018647 0.006222
0 0.462170 0.523250 0.013469 0.006700
0 0.372563 0.563207 0.012430 0.005264
0 0.345110 0.584503 0.013469 0.006700
0 0.423322 0.575889 0.012430 0.005744
0 0.444560 0.576607 0.011395 0.005264
0 0.492212 0.573975 0.013469 0.006700
0 0.403640 0.556268 0.012430 0.004786
0 0.405714 0.544545 0.012430 0.006222
0 0.458546 0.559379 0.012430 0.005264
0 0.441451 0.549809 0.013464 0.006222
0 0.520183 0.543588 0.011395 0.005264
0 0.506713 0.565839 0.011395 0.006700
