0 0.462797 0.567218 0.016409 0.007580
1 0.523801 0.543487 0.181826 0.073432
0 0.444150 0.397701 0.020885 0.011713
0 0.512022 0.422508 0.019391 0.007580
0 0.635091 0.436635 0.020885 0.008270
0 0.523956 0.607873 0.019391 0.007580
0 0.349424 0.577209 0.019391 0.009647
0 0.403872 0.602017 0.014916 0.008268
0 0.598546 0.588924 0.016409 0.009647
0 0.709679 0.548957 0.017898 0.009647
0 0.675368 0.478325 0.020885 0.008960
0 0.429977 0.449039 0.019391 0.006892
0 0.568710 0.444215 0.016409 0.008270
0 0.481442 0.465577 0.017903 0.006890
0 0.566472 0.461441 0.017898 0.009647
0 0.594815 0.496240 0.017898 0.007580
0 0.392685 0.547234 0.016409 0.008958
0 0.398652 0.490039 0.019391 0.006202
0 0.442657 0.494519 0.020885 0.009647
0 0.543350 0.480048 0.019396 0.008270
0 0.515007 0.504510 0.016409 0.007580
0 0.523212 0.490384 0.017903 0.008268
0 0.441912 0.522082 0.013422 0.009647
0 0.547825 0.523805 0.016409 0.007580
0 0.607495 0.523116 0.010440 0.008958
0 0.520976 0.543788 0.016409 0.007580
0 0.491140 0.529663 0.019396 0.006890
0 0.436690 0.538275 0.017903 0.007580
0 0.493378 0.568252 0.017898 0.006892
0 0.585866 0.554813 0.014916 0.007580
0 0.562743 0.566528 0.019391 0.007580
