0 0.405925 0.504564 0.018816 0.008692
0 0.563027 0.561056 0.028226 0.010430
0 0.461428 0.538026 0.020693 0.009559
0 0.431325 0.535853 0.024457 0.008692
0 0.531983 0.537591 0.018816 0.008689
0 0.488710 0.512821 0.018816 0.009561
0 0.519752 0.493700 0.024457 0.009559
0 0.581840 0.494135 0.024457 0.010428
0 0.681559 0.522381 0.028221 0.011298
0 0.489649 0.577570 0.024457 0.010430
0 0.363593 0.568444 0.020698 0.011300
0 0.313734 0.543241 0.018816 0.009561
0 0.359829 0.513691 0.024462 0.009561
1 0.496173 0.512749 0.183441 0.076773
0 0.426622 0.360292 0.022580 0.010428
0 0.495295 0.387234 0.024457 0.012167
0 0.619471 0.405486 0.024457 0.010430
0 0.654277 0.448941 0.026344 0.012169
0 0.370178 0.454590 0.022575 0.009561
0 0.408748 0.412873 0.020698 0.009561
0 0.551737 0.411134 0.024457 0.009561
0 0.500939 0.458936 0.024462 0.011298
0 0.457666 0.431994 0.024462 0.009559
0 0.575255 0.466758 0.015051 0.009559
0 0.416273 0.460674 0.024457 0.009561
