0 0.483862 0.559088 0.016985 0.007243
1 0.525676 0.541285 0.126737 0.054922
0 0.477985 0.435664 0.015679 0.006639
0 0.600150 0.465238 0.014373 0.005433
0 0.466224 0.472481 0.018291 0.006639
0 0.558991 0.470367 0.015679 0.006036
0 0.498888 0.485154 0.013066 0.006639
0 0.627587 0.494812 0.019602 0.007846
0 0.576629 0.507183 0.019597 0.008449
0 0.442055 0.502356 0.016985 0.007243
0 0.471454 0.506580 0.015679 0.008449
0 0.434867 0.545207 0.015679 0.007243
0 0.403509 0.568143 0.015679 0.007243
0 0.437484 0.585042 0.015679 0.007243
0 0.525021 0.588059 0.013066 0.006036
0 0.574670 0.573875 0.015679 0.006639
0 0.647839 0.543396 0.018291 0.008449
0 0.581859 0.526196 0.014373 0.006639
0 0.542006 0.527101 0.015679 0.007243
0 0.525962 0.503870 0.016934 0.008692
0 0.521756 0.542491 0.014373 0.006639
0 0.550499 0.558485 0.011756 0.007243
0 0.504118 0.559995 0.013066 0.006637
0 0.465571 0.538569 0.014373 0.007243
