0 0.453574 0.562348 0.013066 0.006036
0 0.533600 0.531415 0.011976 0.004526
0 0.383890 0.546757 0.015243 0.006036
0 0.472083 0.544745 0.015243 0.006034
0 0.500936 0.562097 0.011976 0.005534
0 0.525433 0.578192 0.013066 0.005532
0 0.475349 0.590263 0.013066 0.005534
0 0.389878 0.584730 0.011976 0.006540
0 0.492772 0.531668 0.015243 0.006036
0 0.414377 0.540721 0.013062 0.006036
0 0.420365 0.510292 0.014157 0.006540
0 0.526524 0.512555 0.010885 0.005028
0 0.602196 0.550529 0.016330 0.007545
0 0.580419 0.500232 0.014153 0.006538
0 0.475351 0.508030 0.010890 0.007042
0 0.446496 0.490425 0.014153 0.005028
0 0.412200 0.477851 0.015243 0.004025
0 0.389335 0.506018 0.010890 0.004025
0 0.552657 0.470810 0.013066 0.007039
0 0.508558 0.476091 0.011976 0.005534
0 0.421456 0.442645 0.011976 0.007042
1 0.474260 0.545750 0.126301 0.054321
0 0.352860 0.567127 0.011976 0.006538
0 0.433977 0.560840 0.013066 0.006036
