1 0.508993 0.468445 0.095815 0.046272
0 0.471264 0.438353 0.007191 0.005262
0 0.451482 0.434614 0.005997 0.003878
0 0.539607 0.412183 0.007191 0.004431
0 0.470665 0.412183 0.008390 0.003878
0 0.493146 0.422568 0.007790 0.003601
0 0.589965 0.435029 0.007196 0.004154
0 0.548900 0.442923 0.007790 0.004431
0 0.513528 0.438353 0.008993 0.004708
0 0.469766 0.453585 0.007790 0.003047
0 0.493146 0.459400 0.007790 0.002494
0 0.551596 0.458985 0.005993 0.003324
0 0.523120 0.457738 0.008993 0.004152
0 0.506334 0.468400 0.005393 0.003875
0 0.539007 0.476292 0.008390 0.004154
0 0.524920 0.482523 0.007790 0.002770
0 0.491348 0.481415 0.006592 0.003324
0 0.476959 0.479893 0.008993 0.004154
0 0.465269 0.462308 0.008394 0.003322
0 0.441889 0.466461 0.009593 0.003878
0 0.421206 0.481831 0.008993 0.003601
0 0.503038 0.504539 0.008390 0.004152
0 0.540808 0.496647 0.008394 0.004431
0 0.599558 0.476846 0.010791 0.005262
0 0.443921 0.496930 0.010360 0.005184
0 0.512551 0.398431 0.012949 0.005184
0 0.571685 0.409199 0.012088 0.005184
0 0.480178 0.381883 0.012088 0.004786
