0 0.588244 0.485159 0.016573 0.006222
0 0.473773 0.495447 0.011395 0.004786
0 0.498633 0.513631 0.011395 0.006700
0 0.539036 0.468888 0.011395 0.006220
0 0.442177 0.476305 0.012434 0.005742
1 0.447041 0.475336 0.141545 0.060859
0 0.439588 0.525835 0.013464 0.005264
0 0.569078 0.428692 0.013464 0.005264
0 0.600157 0.457404 0.013469 0.006222
0 0.246386 0.357150 0.020721 0.006700
0 0.491383 0.343512 0.015538 0.005264
0 0.400222 0.358108 0.013469 0.006700
0 0.361894 0.386341 0.013469 0.005744
0 0.448909 0.379881 0.011395 0.005264
0 0.543699 0.394237 0.012434 0.007180
0 0.384684 0.399500 0.009321 0.006220
0 0.356196 0.430128 0.010360 0.005264
0 0.493455 0.486115 0.011395 0.006222
0 0.421976 0.413617 0.011395 0.005742
0 0.487757 0.412181 0.014504 0.005742
0 0.493455 0.398543 0.013464 0.004306
0 0.399185 0.493055 0.013464 0.005742
0 0.380538 0.469127 0.011395 0.005742
0 0.419904 0.494490 0.013469 0.004784
0 0.515211 0.462667 0.013464 0.005264
0 0.467041 0.461471 0.014504 0.005744
0 0.423013 0.463864 0.013469 0.004786
0 0.385719 0.456685 0.013469 0.006700
0 0.444766 0.445201 0.011395 0.006700
0 0.452018 0.434433 0.013464 0.004308
0 0.467559 0.426060 0.013469 0.006700
0 0.507441 0.440175 0.010360 0.005264
0 0.408509 0.520331 0.013469 0.004784
0 0.348425 0.516981 0.013469 0.004784
0 0.311133 0.497361 0.011395 0.004786
0 0.344281 0.475109 0.013469 0.007178
0 0.387790 0.434912 0.013464 0.007178
