0 0.377954 0.476246 0.017247 0.009416
0 0.450075 0.610234 0.017247 0.010865
0 0.415583 0.608786 0.020379 0.010863
0 0.390496 0.558087 0.014110 0.010863
0 0.443022 0.566417 0.021952 0.010138
0 0.553556 0.594663 0.020379 0.008689
0 0.527685 0.608785 0.018816 0.007967
0 0.512790 0.559897 0.020384 0.007243
0 0.475164 0.538894 0.020384 0.010141
0 0.334054 0.587058 0.020384 0.009414
0 0.580211 0.559536 0.020384 0.009414
0 0.693097 0.588868 0.020379 0.010141
0 0.287018 0.620736 0.020384 0.010141
0 0.568453 0.634135 0.018816 0.007967
0 0.487706 0.652965 0.020384 0.007967
0 0.346596 0.647534 0.020384 0.008692
0 0.436751 0.648981 0.028221 0.011587
0 0.565316 0.527669 0.025089 0.009416
0 0.504169 0.511372 0.021952 0.008692
0 0.483001 0.522961 0.020384 0.010138
0 0.651550 0.508475 0.025084 0.008689
0 0.430478 0.493991 0.021948 0.007243
0 0.528469 0.489282 0.020384 0.009416
0 0.390499 0.527306 0.026653 0.010141
0 0.533174 0.469728 0.020384 0.009416
0 0.606866 0.461398 0.026653 0.010141
0 0.341107 0.521151 0.015679 0.009416
0 0.467324 0.445827 0.026653 0.010863
0 0.388146 0.416132 0.025084 0.009414
0 0.522982 0.391870 0.028221 0.011590
0 0.164410 0.422868 0.021948 0.010138
0 0.479082 0.583074 0.015674 0.010141
0 0.386578 0.576556 0.021948 0.010141
1 0.484604 0.583442 0.205782 0.082485
