0 0.528883 0.488652 0.012430 0.004786
0 0.372240 0.543747 0.007917 0.004319
0 0.396341 0.558701 0.010070 0.004319
0 0.456412 0.564018 0.010791 0.004321
0 0.490581 0.553716 0.010075 0.004985
0 0.474036 0.539924 0.008633 0.003988
0 0.486622 0.533280 0.010791 0.004652
0 0.453890 0.526633 0.008633 0.003988
0 0.468279 0.514835 0.007196 0.002991
0 0.497774 0.515001 0.010070 0.002658
0 0.416482 0.498219 0.010070 0.004985
0 0.439864 0.518159 0.007912 0.002991
0 0.454251 0.503537 0.009354 0.002991
0 0.426915 0.539260 0.007912 0.003988
0 0.545459 0.531001 0.012434 0.005264
0 0.455688 0.496103 0.009831 0.004542
0 0.417125 0.513917 0.008315 0.004542
0 0.415236 0.522473 0.007561 0.004890
0 0.478750 0.468859 0.009073 0.005240
0 0.476103 0.478466 0.009827 0.004890
0 0.465517 0.489642 0.009827 0.004890
0 0.434518 0.481434 0.009831 0.005238
0 0.441662 0.541089 0.007191 0.004985
0 0.419075 0.443191 0.010360 0.005742
0 0.394820 0.495055 0.010585 0.003843
0 0.412589 0.471829 0.008315 0.004193
0 0.510885 0.464319 0.011339 0.005939
0 0.451531 0.456286 0.009073 0.005240
1 0.456297 0.526387 0.088193 0.043255
0 0.391664 0.527297 0.007917 0.003988
0 0.492378 0.499384 0.007912 0.003988
