0 0.496746 0.503962 0.009073 0.003841
0 0.469148 0.505359 0.008315 0.003841
0 0.446840 0.491214 0.009073 0.003493
0 0.478977 0.493484 0.006802 0.003841
0 0.467636 0.486847 0.006807 0.004542
0 0.506196 0.497675 0.006802 0.004542
0 0.478977 0.474972 0.006802 0.003144
0 0.447598 0.470431 0.009073 0.004539
0 0.449108 0.483878 0.010585 0.004191
0 0.427184 0.496103 0.010585 0.004191
0 0.455915 0.505185 0.010585 0.003493
0 0.516404 0.483354 0.009073 0.003144
0 0.464988 0.521600 0.009078 0.005588
0 0.367449 0.426946 0.012097 0.004892
0 0.449864 0.425724 0.009073 0.004542
0 0.476330 0.437250 0.009073 0.003843
0 0.525475 0.443886 0.007561 0.005238
0 0.541355 0.462572 0.007561 0.003493
0 0.499771 0.447205 0.009073 0.004890
0 0.554965 0.494183 0.010585 0.004542
0 0.482757 0.522648 0.008315 0.003493
0 0.410171 0.510947 0.009827 0.003841
0 0.498258 0.454889 0.009073 0.003493
1 0.482971 0.494449 0.074040 0.035709
0 0.443816 0.449474 0.009073 0.003841
0 0.430585 0.469034 0.006807 0.004539
0 0.464609 0.457333 0.011344 0.004191
0 0.489185 0.463970 0.009073 0.004890
0 0.481245 0.469208 0.006807 0.005588
0 0.492207 0.484053 0.007561 0.003841
0 0.431721 0.522125 0.007561 0.005240
0 0.510353 0.470956 0.007561 0.004191
0 0.513001 0.513567 0.008315 0.004890
