0 0.512591 0.597483 0.017898 0.010748
0 0.525122 0.471379 0.021479 0.009924
0 0.558240 0.513551 0.019691 0.008270
0 0.309415 0.573915 0.019691 0.009924
0 0.245868 0.549109 0.025061 0.009922
0 0.319263 0.504869 0.014321 0.007442
0 0.360433 0.455255 0.017898 0.009096
0 0.526910 0.451120 0.017903 0.009096
0 0.686229 0.575983 0.021484 0.007442
0 0.555552 0.623945 0.021479 0.009096
0 0.467837 0.645030 0.021479 0.008270
0 0.317472 0.638828 0.017903 0.009096
0 0.255712 0.610714 0.019691 0.009096
0 0.418612 0.639241 0.023272 0.008270
0 0.699656 0.533397 0.023272 0.009922
0 0.604780 0.442437 0.019691 0.009922
0 0.458888 0.423832 0.021484 0.009096
0 0.324630 0.437476 0.017903 0.009922
0 0.378333 0.394062 0.021479 0.010750
0 0.524228 0.368015 0.019691 0.009922
0 0.126826 0.395303 0.019691 0.009922
0 0.649532 0.492878 0.023268 0.009922
1 0.468818 0.569642 0.213404 0.087515
0 0.610150 0.554070 0.026854 0.008270
0 0.419506 0.475927 0.021484 0.012403
0 0.495585 0.494946 0.019691 0.012405
0 0.370281 0.510656 0.019691 0.010750
0 0.469628 0.507763 0.021484 0.009924
0 0.370279 0.543320 0.016110 0.009922
0 0.363118 0.563579 0.019691 0.009096
0 0.430248 0.552830 0.017903 0.007442
0 0.461573 0.522234 0.019691 0.009096
0 0.568083 0.544974 0.021484 0.008270
0 0.498270 0.545800 0.021484 0.009922
0 0.463361 0.569782 0.019691 0.008270
0 0.393549 0.598310 0.019691 0.012403
0 0.431142 0.598723 0.023268 0.008268
0 0.542128 0.582185 0.026849 0.011577
