0 0.399134 0.411662 0.009803 0.005534
0 0.420365 0.441086 0.010890 0.005030
0 0.451941 0.436055 0.010885 0.006034
0 0.488958 0.433037 0.013066 0.005028
0 0.494949 0.459946 0.011976 0.006540
0 0.508558 0.452402 0.013062 0.005534
0 0.524347 0.432785 0.014153 0.005532
0 0.467727 0.420967 0.009799 0.006034
0 0.421997 0.431026 0.009799 0.006036
0 0.423088 0.413673 0.011980 0.006538
0 0.504202 0.394561 0.017420 0.005532
0 0.485695 0.405878 0.013066 0.007042
0 0.518902 0.415936 0.011980 0.007042
0 0.504204 0.383497 0.010890 0.005532
0 0.448675 0.396071 0.015243 0.005532
0 0.468272 0.485597 0.013062 0.005532
0 0.473717 0.412669 0.010890 0.005532
0 0.433432 0.459694 0.010890 0.006036
0 0.451397 0.460449 0.009799 0.004526
0 0.393146 0.480819 0.010890 0.005028
0 0.390424 0.446366 0.014153 0.006538
0 0.363202 0.464724 0.011976 0.005028
0 0.443776 0.481824 0.014153 0.004025
0 0.515634 0.474784 0.009799 0.005030
0 0.584773 0.448881 0.013066 0.006538
0 0.567898 0.405878 0.011976 0.006034
0 0.545578 0.379472 0.010885 0.006540
0 0.470995 0.369665 0.014153 0.007042
0 0.309307 0.354827 0.010890 0.005532
0 0.418731 0.385257 0.011976 0.005030
0 0.427987 0.353821 0.015243 0.006540
0 0.470452 0.445360 0.013066 0.004526
1 0.472083 0.444908 0.111058 0.047277
