0 0.473240 0.513124 0.022378 0.008268
0 0.303179 0.405626 0.019391 0.008268
0 0.579897 0.385298 0.023867 0.008958
0 0.478460 0.403215 0.020880 0.011715
0 0.441912 0.436290 0.019396 0.007580
0 0.641060 0.438357 0.020885 0.010335
0 0.536639 0.425610 0.017903 0.006890
0 0.508294 0.583755 0.020885 0.007580
0 0.390447 0.562394 0.014920 0.010337
0 0.437437 0.584100 0.013422 0.006890
0 0.542603 0.587890 0.017903 0.007580
0 0.607495 0.571697 0.013427 0.009647
0 0.701472 0.535519 0.016409 0.010337
0 0.644043 0.521048 0.017898 0.007580
0 0.673876 0.475569 0.014916 0.008958
0 0.582137 0.459375 0.016409 0.006890
0 0.585119 0.445937 0.019396 0.007580
0 0.465035 0.449383 0.020885 0.007580
0 0.438930 0.484871 0.016409 0.008268
0 0.511278 0.463510 0.020880 0.006890
0 0.561250 0.476258 0.019391 0.007580
0 0.473240 0.489005 0.019391 0.008270
0 0.546334 0.485216 0.019391 0.008958
0 0.607495 0.490729 0.019391 0.008958
0 0.564235 0.514848 0.016409 0.007580
0 0.576915 0.552747 0.014916 0.006202
0 0.595559 0.541377 0.016409 0.008268
0 0.615700 0.514502 0.014920 0.009647
0 0.538130 0.497620 0.017898 0.007580
0 0.539621 0.532419 0.017903 0.008268
0 0.514260 0.520359 0.014916 0.006202
0 0.490393 0.553091 0.014916 0.006892
0 0.429232 0.535519 0.014916 0.008958
0 0.468762 0.527939 0.016409 0.006202
0 0.517245 0.554125 0.017898 0.007580
1 0.543944 0.532674 0.154611 0.065889
