0 0.291887 0.396875 0.013062 0.006034
0 0.457931 0.509537 0.011976 0.005030
0 0.420911 0.396624 0.014153 0.005532
0 0.497671 0.383296 0.010885 0.007042
0 0.419277 0.525129 0.010885 0.006036
0 0.566266 0.464523 0.013066 0.006538
0 0.581507 0.519345 0.010890 0.005532
0 0.457385 0.558073 0.013066 0.005532
0 0.344148 0.528651 0.010890 0.005030
0 0.374089 0.508281 0.009799 0.006540
0 0.477528 0.461757 0.011976 0.006036
0 0.462828 0.417496 0.015243 0.005030
0 0.408390 0.435099 0.010890 0.004022
0 0.500391 0.434848 0.009799 0.004526
0 0.543399 0.431328 0.015243 0.005532
0 0.439419 0.449183 0.011976 0.005030
0 0.383347 0.464775 0.010890 0.005030
0 0.496037 0.448177 0.011980 0.007042
0 0.514003 0.475587 0.010890 0.004526
0 0.410566 0.469552 0.013062 0.005532
0 0.460651 0.479612 0.010890 0.004526
0 0.409478 0.490929 0.010885 0.006036
0 0.540133 0.504005 0.010885 0.005030
1 0.462830 0.510041 0.116503 0.061864
0 0.477528 0.495203 0.007622 0.006540
0 0.516725 0.496461 0.009799 0.005028
0 0.500936 0.519597 0.008708 0.005028
0 0.437786 0.526889 0.010890 0.004526
0 0.484604 0.528399 0.013066 0.004526
0 0.504204 0.547008 0.015243 0.004526
0 0.374092 0.548768 0.011976 0.006036
0 0.427441 0.552289 0.014153 0.006036
0 0.440508 0.497466 0.011980 0.005028
0 0.465550 0.469553 0.009799 0.004526
0 0.404576 0.502748 0.009799 0.005534
