0 0.466802 0.572630 0.014363 0.005939
0 0.576440 0.582060 0.014368 0.007333
0 0.553001 0.588871 0.015880 0.007686
0 0.455838 0.600223 0.021170 0.008032
0 0.491000 0.604414 0.014368 0.008032
0 0.609707 0.474483 0.014368 0.005939
0 0.539010 0.451955 0.016634 0.005588
0 0.485328 0.454051 0.016639 0.006985
0 0.395351 0.463131 0.015122 0.006289
0 0.526536 0.416503 0.015880 0.005939
0 0.431266 0.433617 0.015875 0.006637
0 0.267566 0.435714 0.018146 0.007336
0 0.391948 0.599873 0.015880 0.006637
0 0.348092 0.579266 0.011344 0.007333
0 0.479279 0.627117 0.015122 0.007336
0 0.425595 0.512205 0.018146 0.007333
0 0.641088 0.556912 0.013610 0.005939
0 0.619539 0.571582 0.017392 0.006637
0 0.559426 0.536130 0.013610 0.006287
0 0.587025 0.541718 0.017392 0.006287
0 0.551489 0.514474 0.012856 0.005588
0 0.424462 0.534210 0.011339 0.005936
0 0.464913 0.539972 0.010585 0.006985
0 0.512547 0.536130 0.012097 0.006287
0 0.485328 0.520063 0.013614 0.006985
0 0.492132 0.509236 0.013610 0.006287
0 0.283446 0.531415 0.012097 0.005936
0 0.342423 0.538227 0.016634 0.006985
0 0.383254 0.554468 0.015122 0.007336
0 0.420302 0.546957 0.012102 0.005588
0 0.486463 0.552196 0.011344 0.006287
0 0.540145 0.561278 0.014363 0.006985
0 0.523134 0.571059 0.013610 0.004890
0 0.649026 0.527748 0.015880 0.008385
1 0.492226 0.552792 0.149162 0.061864
0 0.441472 0.571233 0.013610 0.004542
0 0.529937 0.471689 0.010585 0.005939
0 0.583244 0.465576 0.012856 0.006287
0 0.419169 0.474658 0.014368 0.005588
0 0.458109 0.488454 0.012097 0.005939
0 0.391191 0.507664 0.011344 0.006635
0 0.509146 0.500679 0.017392 0.008733
0 0.526912 0.485660 0.016634 0.007336
0 0.566231 0.488454 0.012097 0.006635
0 0.614246 0.500330 0.015880 0.007333
