0 0.544998 0.591485 0.013862 0.006114
0 0.656840 0.517846 0.010712 0.003785
0 0.651170 0.538656 0.010712 0.003493
1 0.554831 0.537200 0.095815 0.045768
0 0.458989 0.558157 0.010712 0.004074
0 0.408205 0.449824 0.014368 0.007333
0 0.553188 0.574894 0.008820 0.004364
0 0.530822 0.572420 0.009452 0.004658
0 0.486397 0.572275 0.007561 0.003785
0 0.593514 0.563106 0.010080 0.004074
0 0.611156 0.557867 0.008820 0.005240
0 0.636992 0.549426 0.011344 0.005240
0 0.542793 0.569072 0.008188 0.004948
0 0.521369 0.551172 0.009452 0.004658
0 0.537437 0.551754 0.007561 0.004074
0 0.575241 0.550155 0.010080 0.004366
0 0.588160 0.542296 0.010712 0.004366
0 0.551926 0.536765 0.007561 0.004364
0 0.483249 0.539239 0.012603 0.004074
0 0.455524 0.526432 0.010084 0.005238
0 0.511287 0.523230 0.008193 0.004656
0 0.551297 0.513626 0.008820 0.005240
0 0.520740 0.542587 0.010712 0.003785
0 0.508769 0.533418 0.010712 0.003493
0 0.538069 0.528324 0.007561 0.005532
0 0.567996 0.524831 0.009448 0.004948
0 0.619663 0.528470 0.010712 0.004656
0 0.620293 0.516389 0.011971 0.005530
0 0.600131 0.524104 0.009448 0.004656
0 0.595719 0.508386 0.009452 0.005240
0 0.490180 0.504311 0.011344 0.004077
0 0.514125 0.506930 0.012603 0.005240
0 0.534916 0.489759 0.011339 0.003493
0 0.617458 0.473458 0.010084 0.004658
0 0.635414 0.497762 0.011971 0.004948
0 0.633212 0.480008 0.010084 0.005530
0 0.582804 0.477534 0.008820 0.004656
0 0.604857 0.489758 0.011344 0.004658
0 0.580283 0.488011 0.008825 0.006404
0 0.566105 0.498635 0.010712 0.004948
0 0.556025 0.505039 0.010712 0.004948
0 0.508722 0.479938 0.013614 0.006287
0 0.582790 0.437844 0.011339 0.005588
0 0.518535 0.448573 0.008820 0.004948
0 0.553818 0.464145 0.010080 0.005240
0 0.589103 0.463417 0.010080 0.004948
0 0.494277 0.470839 0.011971 0.004074
0 0.416458 0.522065 0.011344 0.004074
