0 0.552458 0.570376 0.016985 0.007846
0 0.457732 0.567357 0.015679 0.007846
0 0.486477 0.570678 0.015679 0.007243
0 0.576632 0.558908 0.018291 0.006639
0 0.602107 0.529032 0.014373 0.006036
0 0.572058 0.517565 0.014368 0.009658
0 0.487783 0.532352 0.013066 0.006637
0 0.517182 0.530239 0.016985 0.007243
0 0.543315 0.528429 0.014373 0.009656
0 0.579897 0.536878 0.019597 0.008449
0 0.459038 0.542311 0.013066 0.008449
0 0.574019 0.386897 0.018291 0.010260
0 0.512610 0.546837 0.013066 0.007848
0 0.543968 0.550760 0.013066 0.007243
0 0.457079 0.554684 0.011760 0.007846
1 0.518900 0.547009 0.176386 0.074438
0 0.517835 0.562530 0.015679 0.007846
0 0.342755 0.525714 0.018291 0.007846
0 0.345368 0.576109 0.013066 0.006034
0 0.392404 0.600855 0.013066 0.008449
0 0.463614 0.619263 0.014373 0.007846
0 0.266320 0.403494 0.019597 0.009656
0 0.458385 0.404700 0.019597 0.009656
0 0.491702 0.545026 0.015679 0.006639
0 0.624974 0.399872 0.018291 0.009658
0 0.585775 0.428844 0.018291 0.007243
0 0.414618 0.439707 0.015679 0.007243
0 0.521756 0.430654 0.023521 0.008449
0 0.636732 0.447855 0.015674 0.009053
0 0.667434 0.457511 0.014373 0.007846
0 0.440094 0.453891 0.016985 0.007846
0 0.572711 0.452986 0.013062 0.006036
0 0.470798 0.446045 0.018291 0.007846
0 0.275468 0.517565 0.019597 0.006034
0 0.495625 0.635256 0.018291 0.007243
0 0.644572 0.615944 0.015679 0.009656
0 0.682460 0.603269 0.015679 0.007243
0 0.485824 0.470789 0.014373 0.009053
0 0.569443 0.469281 0.016985 0.008449
0 0.614520 0.472599 0.015679 0.007846
0 0.445321 0.481353 0.014368 0.008449
0 0.405471 0.491311 0.013066 0.006639
0 0.583162 0.607495 0.013066 0.007243
0 0.668090 0.572186 0.018296 0.007846
0 0.694221 0.555891 0.015679 0.007846
0 0.707287 0.521790 0.015679 0.007243
0 0.670049 0.487386 0.019602 0.007243
0 0.640000 0.516660 0.014373 0.005430
0 0.604066 0.545026 0.015679 0.007846
0 0.389792 0.547140 0.015679 0.007243
0 0.412657 0.535068 0.019602 0.008449
0 0.436175 0.603571 0.016985 0.007846
0 0.511957 0.608400 0.016985 0.006639
0 0.471451 0.602665 0.019597 0.007243
0 0.419190 0.573997 0.016985 0.007846
0 0.506728 0.588482 0.014373 0.007846
0 0.452507 0.590292 0.015679 0.007846
0 0.491702 0.597836 0.015679 0.008449
0 0.584469 0.592406 0.015679 0.007243
0 0.617786 0.584560 0.016985 0.007243
0 0.647837 0.580334 0.016985 0.009656
0 0.632811 0.536878 0.018291 0.007243
0 0.542662 0.486180 0.018291 0.008449
0 0.444012 0.497346 0.016985 0.007846
0 0.525676 0.496441 0.015679 0.008449
0 0.558993 0.501872 0.019597 0.007243
0 0.618439 0.491914 0.018291 0.007846
0 0.593617 0.503382 0.018291 0.006639
0 0.516529 0.509114 0.018291 0.007243
0 0.434869 0.539896 0.014373 0.009658
0 0.442053 0.522996 0.015679 0.008449
