1 0.470995 0.547763 0.126297 0.058847
0 0.472790 0.507895 0.009981 0.005448
0 0.501372 0.485681 0.010890 0.005450
0 0.413816 0.529271 0.009981 0.003772
0 0.411093 0.541635 0.011793 0.004191
0 0.468254 0.546664 0.009981 0.005867
0 0.449654 0.565526 0.009073 0.005869
0 0.497741 0.565106 0.014518 0.005030
0 0.429239 0.563640 0.011793 0.005450
0 0.515890 0.556514 0.012706 0.005450
0 0.531767 0.533462 0.011793 0.004611
0 0.489576 0.533461 0.012701 0.005448
0 0.466894 0.517954 0.012701 0.003772
0 0.447839 0.536186 0.010885 0.005028
0 0.555358 0.539539 0.011793 0.005869
0 0.522240 0.583548 0.012701 0.005867
0 0.386142 0.505171 0.009073 0.005030
0 0.408371 0.475202 0.009981 0.005448
0 0.507722 0.473525 0.014518 0.004611
0 0.580765 0.500979 0.011793 0.005867
0 0.610253 0.527175 0.014513 0.006287
0 0.602994 0.554838 0.012701 0.005450
0 0.545831 0.576841 0.012701 0.006706
0 0.469614 0.594445 0.014518 0.005028
0 0.382966 0.587530 0.013610 0.004611
0 0.378429 0.547503 0.013610 0.006706
0 0.342589 0.530528 0.009073 0.005450
0 0.350302 0.568459 0.011793 0.005867
0 0.295407 0.524869 0.012706 0.005867
0 0.440747 0.590231 0.015679 0.006639
0 0.552458 0.468315 0.019597 0.006639
0 0.466880 0.456545 0.015679 0.007243
0 0.388485 0.464392 0.013066 0.006034
0 0.419190 0.438440 0.014373 0.007243
0 0.502809 0.421541 0.014373 0.007243
0 0.282652 0.439646 0.018291 0.007243
0 0.414267 0.510200 0.012701 0.005867
0 0.487308 0.499932 0.011798 0.006287
0 0.523600 0.512086 0.009981 0.006287
0 0.442851 0.487987 0.009981 0.005030
