0 0.179211 0.366897 0.024462 0.014775
0 0.517872 0.347342 0.020698 0.013906
1 0.473174 0.522363 0.191629 0.078462
0 0.547975 0.571573 0.024462 0.012169
0 0.378645 0.516384 0.024462 0.009559
0 0.436969 0.508128 0.024462 0.008692
0 0.598773 0.508997 0.031985 0.010428
0 0.562086 0.501610 0.018816 0.009561
0 0.499998 0.502478 0.026344 0.009559
0 0.536685 0.533767 0.024457 0.011298
0 0.513167 0.547238 0.022580 0.010428
0 0.436969 0.549411 0.016934 0.007822
0 0.408748 0.547673 0.020698 0.011298
0 0.466131 0.524641 0.018816 0.008689
0 0.331608 0.526814 0.020698 0.013036
0 0.284572 0.558101 0.024462 0.011298
0 0.340075 0.584175 0.022575 0.009561
0 0.423799 0.585479 0.024462 0.012169
0 0.472718 0.590258 0.024462 0.009561
0 0.582781 0.562447 0.022575 0.011300
0 0.662743 0.528552 0.028221 0.011300
0 0.675913 0.490746 0.028221 0.012167
0 0.550798 0.473798 0.018816 0.009559
0 0.467072 0.481185 0.016934 0.010428
0 0.387109 0.499002 0.015051 0.007822
0 0.274225 0.502913 0.022580 0.012167
0 0.198968 0.494657 0.015051 0.007822
0 0.473659 0.466411 0.022580 0.008692
0 0.386170 0.470756 0.020693 0.012169
0 0.629817 0.454678 0.022575 0.011298
0 0.495295 0.455112 0.020693 0.010428
0 0.519752 0.435992 0.024457 0.008692
0 0.453902 0.618506 0.028226 0.010428
0 0.341016 0.465107 0.020693 0.009561
0 0.428502 0.439468 0.026339 0.010428
0 0.379586 0.421651 0.018816 0.009561
0 0.524457 0.418175 0.022575 0.013036
0 0.594071 0.411222 0.022580 0.013036
0 0.346660 0.406442 0.016934 0.012167
0 0.464251 0.394274 0.022575 0.010430
0 0.393696 0.367766 0.020698 0.011298
