0 0.523715 0.405607 0.019602 0.008449
1 0.601107 0.514316 0.160051 0.089526
0 0.452507 0.560719 0.023516 0.009656
0 0.349288 0.342837 0.026133 0.014485
0 0.535473 0.345554 0.022210 0.007846
0 0.636079 0.325032 0.019602 0.010260
0 0.498890 0.387802 0.019597 0.010262
0 0.688996 0.393535 0.020904 0.009656
0 0.716433 0.406210 0.018296 0.009656
0 0.592308 0.376636 0.026133 0.008449
0 0.647184 0.374524 0.020904 0.009053
0 0.641306 0.400777 0.019597 0.008449
0 0.636079 0.421299 0.024827 0.012070
0 0.566831 0.425825 0.022210 0.009055
0 0.495625 0.454494 0.020904 0.008452
0 0.619094 0.441517 0.019602 0.011468
0 0.676582 0.424014 0.019597 0.009053
0 0.722313 0.438197 0.019597 0.009656
0 0.601454 0.453891 0.018291 0.012072
0 0.376725 0.493423 0.020904 0.010260
0 0.663516 0.457814 0.016985 0.010260
0 0.702062 0.472601 0.018291 0.009656
0 0.755630 0.473807 0.020904 0.008449
0 0.747790 0.510021 0.018296 0.009656
0 0.698139 0.494329 0.015679 0.009656
0 0.534820 0.459322 0.023516 0.010863
0 0.595576 0.469884 0.027434 0.009055
0 0.532860 0.490404 0.016985 0.007846
0 0.442053 0.500062 0.020904 0.010262
0 0.621709 0.490707 0.014373 0.009658
0 0.670049 0.486181 0.019602 0.007846
0 0.574019 0.497345 0.018291 0.007243
0 0.598188 0.513642 0.016985 0.009658
0 0.653064 0.521790 0.019602 0.010262
0 0.726231 0.531145 0.019597 0.009656
0 0.529595 0.510322 0.015679 0.007846
0 0.492357 0.523601 0.022214 0.009053
0 0.549846 0.526014 0.016985 0.010260
0 0.595576 0.615341 0.022210 0.011468
0 0.604068 0.583352 0.020908 0.009053
0 0.500197 0.586369 0.014373 0.009053
0 0.569443 0.580636 0.022210 0.012072
0 0.553764 0.542008 0.019597 0.009656
0 0.636077 0.535973 0.016985 0.009658
0 0.577938 0.541706 0.020904 0.010260
0 0.690955 0.548044 0.016985 0.008449
0 0.664822 0.559814 0.014373 0.010260
