0 0.549750 0.519645 0.008319 0.005588
1 0.469361 0.500484 0.109967 0.046773
0 0.541433 0.481398 0.009831 0.005240
0 0.445405 0.452758 0.008319 0.003843
0 0.449562 0.471095 0.010585 0.004890
0 0.482079 0.462363 0.009073 0.006287
0 0.514211 0.472317 0.008319 0.003843
0 0.395501 0.466904 0.008315 0.004890
0 0.389075 0.477556 0.010585 0.003841
0 0.356941 0.488209 0.009827 0.005588
0 0.421966 0.470222 0.011339 0.004539
0 0.470356 0.468825 0.009831 0.005240
0 0.491149 0.472143 0.010585 0.004191
0 0.529333 0.478429 0.011344 0.004890
0 0.456426 0.619866 0.018291 0.009053
0 0.538085 0.568263 0.019597 0.009658
0 0.591657 0.535973 0.016985 0.009053
0 0.583816 0.483766 0.014373 0.007243
0 0.305520 0.412245 0.014373 0.006639
0 0.497470 0.400177 0.014518 0.005450
0 0.530590 0.407722 0.009981 0.005448
0 0.428059 0.412542 0.011793 0.005867
0 0.465260 0.427421 0.013610 0.007126
0 0.506091 0.426583 0.011798 0.006289
0 0.538755 0.437061 0.011798 0.005450
0 0.400838 0.433289 0.009981 0.004611
0 0.317364 0.483166 0.011798 0.005450
0 0.578223 0.504542 0.014518 0.005450
0 0.456641 0.555676 0.012701 0.006287
0 0.572327 0.534929 0.011798 0.005869
0 0.549190 0.542893 0.010890 0.005028
0 0.500646 0.441252 0.011798 0.004611
0 0.558715 0.443768 0.011793 0.006287
0 0.560985 0.461999 0.012701 0.005867
0 0.362278 0.519211 0.012701 0.004611
0 0.437135 0.546036 0.009981 0.004611
0 0.512444 0.537234 0.009981 0.004611
0 0.392673 0.534509 0.009981 0.004191
0 0.466575 0.538505 0.011344 0.004890
0 0.419319 0.536409 0.010585 0.006287
0 0.441625 0.535712 0.011339 0.005588
0 0.455613 0.532742 0.009073 0.004542
0 0.435576 0.438438 0.011339 0.005936
0 0.417430 0.442803 0.009831 0.004191
0 0.496821 0.451186 0.009831 0.004890
0 0.526309 0.453980 0.009827 0.004890
0 0.528577 0.465856 0.011339 0.004191
0 0.419698 0.459394 0.008319 0.005238
0 0.429527 0.528725 0.011339 0.004890
0 0.407601 0.518247 0.011344 0.004890
0 0.561468 0.515802 0.013610 0.004191
0 0.465819 0.476858 0.008315 0.004542
0 0.402306 0.493799 0.011344 0.004890
0 0.388696 0.501482 0.009827 0.004890
0 0.419698 0.486638 0.011344 0.004539
0 0.501737 0.481399 0.009073 0.004542
0 0.484345 0.488908 0.009073 0.004191
0 0.448429 0.491528 0.009827 0.003843
0 0.468088 0.490480 0.009827 0.004542
0 0.519881 0.488559 0.010585 0.004890
0 0.539541 0.493623 0.010590 0.005936
0 0.416674 0.496592 0.009827 0.004191
0 0.449565 0.515104 0.009073 0.004191
0 0.490772 0.514056 0.009831 0.004193
0 0.463172 0.526280 0.010585 0.004191
0 0.511187 0.528377 0.008319 0.006287
0 0.531222 0.522789 0.009073 0.003493
0 0.505517 0.507071 0.010585 0.004890
0 0.470356 0.509865 0.011339 0.004890
0 0.521772 0.498513 0.009827 0.005240
0 0.508162 0.493973 0.009827 0.005939
0 0.485480 0.502006 0.009827 0.005240
0 0.431416 0.497989 0.010585 0.005588
0 0.452589 0.499387 0.012097 0.004890
0 0.465819 0.500609 0.009831 0.003142
0 0.431416 0.506023 0.010585 0.005588
0 0.431795 0.514579 0.009827 0.005240
