0 0.486461 0.428553 0.009831 0.004191
0 0.392704 0.439905 0.008319 0.003841
0 0.461510 0.480596 0.008319 0.004890
0 0.432022 0.480596 0.008315 0.004890
0 0.419169 0.479548 0.008319 0.005588
0 0.472472 0.474134 0.009073 0.005240
0 0.443743 0.468546 0.010585 0.004539
0 0.407069 0.464529 0.009831 0.004892
0 0.388167 0.468546 0.008319 0.004539
0 0.410094 0.456494 0.006807 0.002794
0 0.446765 0.441302 0.009073 0.003841
0 0.478902 0.444620 0.011344 0.004890
0 0.483059 0.458765 0.007561 0.004542
0 0.456596 0.458241 0.009073 0.004890
0 0.431266 0.460686 0.008319 0.004191
0 0.411229 0.442699 0.009078 0.003841
0 0.455461 0.435714 0.008319 0.004542
0 0.428621 0.428902 0.007561 0.004890
0 0.464913 0.426632 0.010585 0.005240
0 0.394593 0.412312 0.009073 0.003841
0 0.467559 0.417551 0.008319 0.004539
0 0.407825 0.419821 0.009827 0.004191
1 0.445950 0.468044 0.080571 0.040236
0 0.464787 0.382938 0.008825 0.003493
0 0.414316 0.394056 0.008193 0.003203
0 0.442671 0.406280 0.008188 0.003785
0 0.330513 0.395656 0.009452 0.003493
0 0.472914 0.404971 0.008188 0.004656
0 0.498118 0.413994 0.008193 0.004658
0 0.391948 0.496074 0.008820 0.004656
0 0.439963 0.513951 0.012097 0.005238
0 0.426353 0.496836 0.012097 0.004542
0 0.444876 0.500505 0.009827 0.003493
0 0.477011 0.492296 0.007561 0.003843
0 0.491000 0.487755 0.008319 0.004542
0 0.527669 0.472737 0.009073 0.003843
0 0.530316 0.454051 0.009827 0.004191
0 0.513305 0.435714 0.009073 0.004542
0 0.337886 0.453700 0.007561 0.004191
0 0.370021 0.482516 0.008319 0.003843
0 0.497425 0.462956 0.009073 0.004542
0 0.367374 0.457891 0.009073 0.005588
