1 0.514548 0.472821 0.102346 0.043756
0 0.470281 0.444236 0.011339 0.005240
0 0.556098 0.445108 0.007561 0.004191
0 0.446463 0.441441 0.007561 0.004539
0 0.475241 0.388727 0.008713 0.004526
0 0.578677 0.411863 0.010885 0.004526
0 0.543837 0.415887 0.008713 0.005532
0 0.492116 0.427957 0.011976 0.004526
0 0.562149 0.460477 0.009073 0.003493
0 0.466500 0.468685 0.009827 0.003841
0 0.511791 0.472352 0.008319 0.003493
0 0.554906 0.497835 0.009073 0.005030
0 0.444663 0.505381 0.008165 0.004191
0 0.417807 0.492471 0.011793 0.005028
