0 0.495112 0.465562 0.009981 0.005030
0 0.538212 0.490081 0.009073 0.005448
1 0.497739 0.466540 0.097210 0.049974
0 0.440218 0.503075 0.010885 0.005450
0 0.412544 0.490082 0.011793 0.004611
0 0.430691 0.435175 0.008169 0.004611
0 0.452467 0.437062 0.011798 0.005867
0 0.530953 0.435385 0.012701 0.005030
0 0.566793 0.423859 0.009981 0.006287
0 0.470159 0.419457 0.010890 0.005030
0 0.512804 0.404998 0.010890 0.006289
0 0.545016 0.399969 0.013610 0.005448
0 0.447928 0.378174 0.013610 0.007965
0 0.453375 0.463467 0.009981 0.004191
0 0.469705 0.480231 0.009981 0.004191
0 0.537757 0.450683 0.009981 0.004611
0 0.518703 0.477508 0.011798 0.004609
