0 0.689916 0.402063 0.016330 0.009221
0 0.644312 0.467349 0.016985 0.007846
0 0.556117 0.518047 0.013066 0.006639
0 0.466620 0.509598 0.014373 0.007846
0 0.429380 0.457994 0.015679 0.008449
0 0.484258 0.357202 0.020904 0.009658
0 0.640391 0.567539 0.022214 0.009053
1 0.562807 0.517238 0.192851 0.080394
0 0.427420 0.577497 0.019597 0.007243
0 0.375159 0.551244 0.016985 0.007846
0 0.495360 0.541586 0.016985 0.010262
0 0.653455 0.496621 0.014373 0.007243
0 0.601194 0.543096 0.016985 0.008449
0 0.763860 0.526799 0.018291 0.010865
0 0.733155 0.449243 0.022210 0.010260
0 0.474457 0.463728 0.022210 0.009053
0 0.618179 0.409711 0.014373 0.008449
0 0.518881 0.432646 0.019597 0.008449
