0 0.563968 0.437730 0.020698 0.009561
0 0.593738 0.503704 0.014518 0.006287
0 0.490756 0.547503 0.013610 0.006706
0 0.590110 0.560916 0.012701 0.006706
0 0.564909 0.542893 0.015051 0.009561
0 0.552680 0.507259 0.016934 0.009561
0 0.530101 0.525509 0.016934 0.007822
0 0.469895 0.523338 0.013169 0.008692
0 0.403102 0.562012 0.018816 0.009561
0 0.445438 0.580264 0.016934 0.009559
0 0.666505 0.521599 0.015051 0.008692
1 0.533017 0.525207 0.148947 0.071702
0 0.467072 0.397316 0.015051 0.008689
0 0.610063 0.430777 0.018816 0.009561
0 0.498116 0.457720 0.016934 0.011300
0 0.436969 0.481185 0.015051 0.009559
0 0.469895 0.484662 0.020698 0.011300
0 0.585604 0.480750 0.018811 0.010428
0 0.639225 0.464238 0.024462 0.010430
