0 0.340169 0.600891 0.017247 0.010138
0 0.399747 0.390493 0.020384 0.010865
0 0.593380 0.434673 0.021948 0.010865
0 0.525962 0.441192 0.015679 0.009416
0 0.382502 0.443003 0.023516 0.008692
0 0.432673 0.462920 0.017247 0.009416
0 0.631009 0.479215 0.021952 0.011587
0 0.548696 0.495511 0.017243 0.009414
0 0.347226 0.485010 0.015679 0.007243
0 0.389558 0.490803 0.018816 0.010141
0 0.558888 0.523756 0.018816 0.006518
0 0.381716 0.535708 0.015679 0.008692
0 0.466383 0.544399 0.015679 0.010138
0 0.497741 0.523756 0.018816 0.007967
0 0.543993 0.592925 0.017247 0.008692
0 0.660798 0.553814 0.018816 0.008692
0 0.508715 0.569024 0.015679 0.008692
0 0.406021 0.566489 0.020384 0.009414
0 0.289211 0.574093 0.018816 0.008692
1 0.474600 0.543171 0.185136 0.078220
