0 0.606742 0.465547 0.015169 0.007050
0 0.753722 0.533997 0.018024 0.008175
0 0.674284 0.551585 0.015075 0.008088
0 0.459143 0.490236 0.012968 0.006293
0 0.453563 0.458894 0.013390 0.006801
0 0.613095 0.577444 0.015028 0.007050
0 0.552317 0.582688 0.017463 0.008932
0 0.482233 0.561386 0.016339 0.008110
0 0.503511 0.550660 0.014513 0.005861
0 0.594874 0.540275 0.015964 0.007634
0 0.482631 0.591512 0.015169 0.006985
0 0.446021 0.533802 0.011985 0.006704
1 0.555712 0.561386 0.191011 0.080515
0 0.725410 0.619561 0.016316 0.007937
0 0.631608 0.611717 0.018666 0.008175
0 0.525468 0.625800 0.019476 0.008521
0 0.628933 0.633834 0.018446 0.009451
0 0.613083 0.673761 0.014087 0.006112
0 0.500609 0.696886 0.019663 0.008867
0 0.313390 0.643242 0.019663 0.008283
0 0.254752 0.534228 0.016339 0.006907
0 0.426386 0.591252 0.017172 0.008759
0 0.745265 0.572394 0.014527 0.006985
0 0.684148 0.503789 0.017135 0.012491
0 0.592561 0.511964 0.017556 0.007764
0 0.572214 0.495999 0.016620 0.006574
0 0.512243 0.511148 0.013343 0.006293
