0 0.528928 0.627628 0.012369 0.005688
0 0.495904 0.541793 0.014560 0.005515
0 0.558263 0.535986 0.014373 0.005926
0 0.611096 0.509040 0.015730 0.006964
0 0.556999 0.490744 0.013155 0.005666
0 0.529747 0.480829 0.011386 0.005815
0 0.403371 0.497708 0.013577 0.006272
0 0.498652 0.505056 0.014841 0.007158
0 0.537020 0.568566 0.013038 0.006163
0 0.463806 0.568427 0.014822 0.007264
0 0.401264 0.553006 0.014232 0.007656
0 0.386709 0.559991 0.012762 0.005709
0 0.420787 0.582775 0.015543 0.007504
0 0.461112 0.607710 0.015070 0.007202
0 0.522814 0.604829 0.016292 0.007310
0 0.607079 0.607548 0.013371 0.006747
0 0.613703 0.601114 0.012949 0.004650
0 0.674265 0.592587 0.013670 0.006856
0 0.660960 0.524070 0.016067 0.008088
0 0.655066 0.544403 0.012828 0.005017
0 0.677750 0.550655 0.012102 0.006488
1 0.534621 0.554358 0.187875 0.079131
0 0.596395 0.565906 0.014794 0.007072
0 0.458230 0.479728 0.012360 0.005990
