0 0.756119 0.599665 0.016358 0.008067
0 0.704401 0.634656 0.017697 0.008196
0 0.587336 0.751809 0.016526 0.008276
0 0.632233 0.623356 0.018493 0.008045
0 0.810637 0.627336 0.015449 0.007483
0 0.561774 0.667020 0.015028 0.007439
0 0.646231 0.774524 0.016058 0.007958
0 0.674415 0.744253 0.014373 0.005634
0 0.506779 0.706661 0.014888 0.006185
0 0.700726 0.705383 0.015028 0.008093
1 0.525983 0.536365 0.180712 0.075151
0 0.794618 0.725757 0.016007 0.009170
0 0.601592 0.723302 0.014419 0.007288
0 0.538998 0.727948 0.017041 0.007439
0 0.852893 0.683769 0.018521 0.007980
0 0.796449 0.659003 0.016306 0.007760
0 0.738017 0.650790 0.019499 0.008908
0 0.771245 0.692106 0.015824 0.007526
0 0.710389 0.676900 0.014045 0.006797
0 0.635602 0.694877 0.014836 0.006730
0 0.580852 0.701027 0.012360 0.005990
0 0.647285 0.660143 0.019944 0.008737
0 0.585089 0.639213 0.015028 0.007461
