0 0.848642 0.598043 0.013577 0.006510
0 0.765304 0.579605 0.014419 0.007563
0 0.699532 0.538657 0.016948 0.008067
0 0.724485 0.558244 0.014607 0.006756
0 0.597963 0.573400 0.013717 0.006142
0 0.667907 0.589090 0.015496 0.006380
0 0.579375 0.621909 0.014181 0.005322
0 0.639419 0.640798 0.017697 0.008629
0 0.697154 0.625422 0.017275 0.007937
1 0.519333 0.518826 0.179405 0.075584
0 0.869235 0.492127 0.014218 0.007100
0 0.741674 0.451114 0.014967 0.007591
0 0.705407 0.466220 0.016058 0.007180
0 0.647729 0.467971 0.015403 0.006964
0 0.719054 0.494074 0.018258 0.008218
0 0.790730 0.483629 0.011049 0.006055
0 0.790871 0.508532 0.012537 0.005428
0 0.828495 0.512886 0.013076 0.006278
0 0.659338 0.514684 0.014649 0.007223
0 0.739771 0.527076 0.014279 0.006747
0 0.803113 0.546292 0.013904 0.007199
0 0.842734 0.560137 0.012219 0.007969
