0 0.641390 0.465182 0.019176 0.008858
0 0.694459 0.484490 0.018441 0.008802
0 0.655817 0.494464 0.015051 0.007569
1 0.513902 0.531843 0.185669 0.078002
0 0.520501 0.358892 0.019485 0.007779
0 0.590339 0.376396 0.016606 0.007377
0 0.422589 0.379583 0.018970 0.007798
0 0.320370 0.395184 0.016592 0.006540
0 0.539157 0.390221 0.013277 0.006475
0 0.394209 0.409299 0.019897 0.009213
0 0.467971 0.403003 0.019930 0.008168
0 0.620293 0.405891 0.017701 0.007163
0 0.602013 0.426312 0.019466 0.008177
0 0.693619 0.443486 0.020346 0.008183
0 0.519462 0.429984 0.016227 0.008177
0 0.603219 0.442509 0.023572 0.010649
0 0.362938 0.433207 0.014855 0.007115
0 0.447619 0.458639 0.016231 0.008177
0 0.353205 0.479595 0.014752 0.007156
