0 0.552011 0.522401 0.014939 0.007137
0 0.477434 0.518242 0.014139 0.006985
0 0.365150 0.531767 0.014710 0.007530
0 0.516545 0.506573 0.017406 0.007675
0 0.418071 0.548536 0.015449 0.007721
1 0.498338 0.572059 0.194616 0.083175
0 0.462259 0.641091 0.017495 0.007827
0 0.439759 0.626308 0.012851 0.005774
0 0.462383 0.630872 0.011096 0.005255
0 0.519686 0.634234 0.014092 0.006142
0 0.541547 0.632472 0.011559 0.005731
0 0.503511 0.622351 0.013858 0.007288
0 0.595342 0.618545 0.011002 0.005688
0 0.564419 0.615247 0.014326 0.006618
0 0.610335 0.599838 0.014537 0.007764
0 0.610440 0.570621 0.010955 0.005342
0 0.397542 0.606023 0.012406 0.007850
0 0.532210 0.607526 0.012828 0.006142
0 0.441316 0.584829 0.014934 0.007072
0 0.442346 0.599137 0.013155 0.006449
0 0.513294 0.591058 0.014134 0.005644
0 0.574649 0.585975 0.015197 0.007158
0 0.491477 0.579124 0.013928 0.005298
0 0.557338 0.565042 0.011962 0.005686
0 0.636704 0.558034 0.013951 0.006812
0 0.572903 0.537130 0.016713 0.008655
0 0.520646 0.535932 0.010955 0.005861
0 0.509719 0.554447 0.013408 0.005975
0 0.463600 0.557969 0.012219 0.005255
0 0.388935 0.561461 0.014434 0.006667
0 0.361470 0.575497 0.015730 0.007137
