0 0.334504 0.569474 0.014326 0.007418
0 0.302725 0.583921 0.013577 0.005904
0 0.220623 0.569637 0.016339 0.008391
0 0.428511 0.444215 0.013390 0.006337
0 0.347097 0.422333 0.012360 0.005104
0 0.262664 0.452710 0.016245 0.006704
0 0.154864 0.575276 0.012491 0.005915
0 0.280735 0.608670 0.015684 0.006579
1 0.521208 0.562284 0.188109 0.078374
0 0.250028 0.494650 0.014560 0.007115
0 0.328155 0.459542 0.012978 0.006090
0 0.329789 0.488380 0.011330 0.004753
0 0.393937 0.484244 0.014092 0.006278
0 0.347308 0.508142 0.010346 0.004563
0 0.169738 0.492405 0.014925 0.007388
0 0.188057 0.531510 0.014148 0.006834
0 0.236540 0.534775 0.014466 0.006401
0 0.295356 0.533201 0.014803 0.006985
